0	1	0
0.01	0.99995	0.0001
0.02	0.9998	0.0004
0.03	0.99955	0.0009
0.04	0.9992	0.0016
0.05	0.99875	0.0025
0.06	0.998201	0.0036
0.07	0.997551	0.0049
0.08	0.996802	0.0064
0.09	0.995953	0.0081
0.1	0.995004	0.01
0.11	0.993956	0.0121
0.12	0.992809	0.0144
0.13	0.991562	0.0169
0.14	0.990216	0.0196
0.15	0.988771	0.0225
0.16	0.987227	0.0256
0.17	0.985585	0.0289
0.18	0.983844	0.0324
0.19	0.982004	0.0361
0.2	0.980067	0.04
0.21	0.978031	0.0441
0.22	0.975897	0.0484
0.23	0.973666	0.0529
0.24	0.971338	0.0576
0.25	0.968912	0.0625
0.26	0.96639	0.0676
0.27	0.963771	0.0729
0.28	0.961055	0.0784
0.29	0.958244	0.0841
0.3	0.955337	0.09
0.31	0.952334	0.0961
0.32	0.949235	0.1024
0.33	0.946042	0.1089
0.34	0.942755	0.1156
0.35	0.939373	0.1225
0.36	0.935897	0.1296
0.37	0.932327	0.1369
0.38	0.928665	0.1444
0.39	0.924909	0.1521
0.4	0.921061	0.16
0.41	0.917121	0.1681
0.42	0.913089	0.1764
0.43	0.908966	0.1849
0.44	0.904752	0.1936
0.45	0.900447	0.2025
0.46	0.896053	0.2116
0.47	0.891568	0.2209
0.48	0.886995	0.2304
0.49	0.882333	0.2401
0.5	0.877583	0.25
0.51	0.872745	0.2601
0.52	0.867819	0.2704
0.53	0.862807	0.2809
0.54	0.857709	0.2916
0.55	0.852525	0.3025
0.56	0.847255	0.3136
0.57	0.841901	0.3249
0.58	0.836463	0.3364
0.59	0.830941	0.3481
0.6	0.825336	0.36
0.61	0.819648	0.3721
0.62	0.813879	0.3844
0.63	0.808028	0.3969
0.64	0.802096	0.4096
0.65	0.796084	0.4225
0.66	0.789992	0.4356
0.67	0.783822	0.4489
0.68	0.777573	0.4624
0.69	0.771246	0.476099
0.7	0.764842	0.489999
0.71	0.758362	0.504099
0.72	0.751806	0.518399
0.73	0.745175	0.532899
0.74	0.738469	0.547599
0.75	0.731689	0.562499
0.76	0.724836	0.577599
0.77	0.717911	0.592899
0.78	0.710914	0.608399
0.79	0.703846	0.624099
0.8	0.696707	0.639999
0.81	0.689499	0.656099
0.82	0.682222	0.672399
0.83	0.674876	0.688899
0.839999	0.667463	0.705599
0.849999	0.659984	0.722499
0.859999	0.652438	0.739599
0.869999	0.644827	0.756899
0.879999	0.637152	0.774399
0.889999	0.629412	0.792099
0.899999	0.62161	0.809999
0.909999	0.613746	0.828099
0.919999	0.605821	0.846399
0.929999	0.597834	0.864899
0.939999	0.589788	0.883599
0.949999	0.581684	0.902499
0.959999	0.57352	0.921599
0.969999	0.5653	0.940899
0.979999	0.557023	0.960399
0.989999	0.54869	0.980099
0.999999	0.540303	0.999999
1.01	0.531861	1.0201
1.02	0.523366	1.0404
1.03	0.514819	1.0609
1.04	0.506221	1.0816
1.05	0.497572	1.1025
1.06	0.488873	1.1236
1.07	0.480125	1.1449
1.08	0.471329	1.1664
1.09	0.462486	1.1881
1.1	0.453597	1.21
1.11	0.444662	1.2321
1.12	0.435683	1.2544
1.13	0.42666	1.2769
1.14	0.417595	1.2996
1.15	0.408488	1.3225
1.16	0.39934	1.3456
1.17	0.390152	1.3689
1.18	0.380926	1.3924
1.19	0.371661	1.4161
1.2	0.362358	1.44
1.21	0.35302	1.4641
1.22	0.343646	1.4884
1.23	0.334238	1.5129
1.24	0.324797	1.5376
1.25	0.315323	1.5625
1.26	0.305818	1.5876
1.27	0.296282	1.6129
1.28	0.286716	1.6384
1.29	0.277122	1.6641
1.3	0.2675	1.69
1.31	0.257851	1.7161
1.32	0.248176	1.7424
1.33	0.238477	1.7689
1.34	0.228754	1.7956
1.35	0.219008	1.8225
1.36	0.20924	1.8496
1.37	0.199451	1.8769
1.38	0.189642	1.9044
1.39	0.179814	1.9321
1.4	0.169968	1.96
1.41	0.160105	1.9881
1.42	0.150226	2.0164
1.43	0.140333	2.0449
1.44	0.130425	2.0736
1.45	0.120504	2.1025
1.46	0.110571	2.1316
1.47	0.100627	2.1609
1.48	0.0906727	2.1904
1.49	0.0807095	2.2201
1.5	0.0707383	2.25
1.51	0.06076	2.2801
1.52	0.0507756	2.3104
1.53	0.0407861	2.3409
1.54	0.0307926	2.3716
1.55	0.0207959	2.4025
1.56	0.0107972	2.4336
1.57	0.000797466	2.4649
1.58	-0.00920239	2.4964
1.59	-0.0192013	2.5281
1.6	-0.0291984	2.56
1.61	-0.0391925	2.5921
1.62	-0.0491826	2.6244
1.63	-0.0591679	2.6569
1.64	-0.0691472	2.6896
1.65	-0.0791197	2.7225
1.66	-0.0890842	2.7556
1.67	-0.0990398	2.7889
1.68	-0.108986	2.8224
1.69	-0.11892	2.8561
1.7	-0.128843	2.89
1.71	-0.138753	2.9241
1.72	-0.148649	2.9584
1.73	-0.158531	2.9929
1.74	-0.168396	3.0276
1.75	-0.178245	3.0625
1.76	-0.188076	3.0976
1.77	-0.197888	3.1329
1.78	-0.20768	3.1684
1.79	-0.217451	3.2041
1.8	-0.227201	3.24
1.81	-0.236928	3.2761
1.82	-0.246631	3.3124
1.83	-0.25631	3.34889
1.84	-0.265963	3.38559
1.85	-0.275589	3.42249
1.86	-0.285188	3.45959
1.87	-0.294758	3.49689
1.88	-0.304299	3.53439
1.89	-0.313809	3.57209
1.9	-0.323288	3.60999
1.91	-0.332735	3.64809
1.92	-0.342148	3.68639
1.93	-0.351527	3.72489
1.94	-0.360871	3.76359
1.95	-0.370179	3.80249
1.96	-0.37945	3.84159
1.97	-0.388683	3.88089
1.98	-0.397877	3.92039
1.99	-0.407032	3.96009
2	-0.416145	3.99999
2.01	-0.425218	4.04009
2.02	-0.434247	4.08039
2.03	-0.443233	4.12089
2.04	-0.452175	4.16159
2.05	-0.461071	4.20249
2.06	-0.469922	4.24359
2.07	-0.478725	4.28489
2.08	-0.487481	4.32639
2.09	-0.496188	4.36809
2.1	-0.504845	4.40999
2.11	-0.513452	4.45209
2.12	-0.522007	4.49439
2.13	-0.53051	4.53689
2.14	-0.53896	4.57959
2.15	-0.547356	4.62249
2.16	-0.555698	4.66559
2.17	-0.563984	4.70889
2.18	-0.572213	4.75239
2.19	-0.580386	4.79609
2.2	-0.5885	4.83999
2.21	-0.596555	4.88409
2.22	-0.604551	4.92839
2.23	-0.612486	4.97289
2.24	-0.62036	5.01759
2.25	-0.628172	5.06249
2.26	-0.635922	5.10759
2.27	-0.643607	5.15289
2.28	-0.651228	5.19839
2.29	-0.658785	5.24409
2.3	-0.666275	5.28999
2.31	-0.673698	5.33609
2.32	-0.681055	5.38239
2.33	-0.688343	5.42889
2.34	-0.695562	5.47559
2.35	-0.702712	5.52249
2.36	-0.709791	5.56959
2.37	-0.7168	5.61689
2.38	-0.723737	5.66439
2.39	-0.730601	5.71209
2.4	-0.737392	5.75999
2.41	-0.74411	5.80809
2.42	-0.750753	5.85639
2.43	-0.757322	5.90489
2.44	-0.763814	5.95359
2.45	-0.77023	6.00249
2.46	-0.776569	6.05159
2.47	-0.78283	6.10089
2.48	-0.789014	6.15039
2.49	-0.795118	6.20009
2.5	-0.801142	6.24999
2.51	-0.807087	6.30009
2.52	-0.812951	6.35039
2.53	-0.818734	6.40089
2.54	-0.824434	6.45159
2.55	-0.830052	6.50249
2.56	-0.835588	6.55359
2.57	-0.841039	6.60489
2.58	-0.846407	6.65639
2.59	-0.85169	6.70809
2.6	-0.856888	6.75999
2.61	-0.862	6.81209
2.62	-0.867026	6.86439
2.63	-0.871965	6.91689
2.64	-0.876817	6.96959
2.65	-0.881581	7.02249
2.66	-0.886257	7.07559
2.67	-0.890845	7.12889
2.68	-0.895343	7.18239
2.69	-0.899752	7.23609
2.7	-0.904071	7.28999
2.71	-0.9083	7.34409
2.72	-0.912437	7.39839
2.73	-0.916484	7.45289
2.74	-0.920439	7.50759
2.75	-0.924302	7.56249
2.76	-0.928072	7.61759
2.77	-0.931749	7.67289
2.78	-0.935334	7.72839
2.79	-0.938825	7.78409
2.8	-0.942222	7.83999
2.81	-0.945524	7.89609
2.82	-0.948732	7.95239
2.83	-0.951846	8.00889
2.84	-0.954864	8.06559
2.85	-0.957787	8.12249
2.86	-0.960613	8.17959
2.87	-0.963344	8.23689
2.88	-0.965979	8.29439
2.89	-0.968517	8.35209
2.9	-0.970958	8.40999
2.91	-0.973302	8.46809
2.92	-0.975548	8.52639
2.93	-0.977697	8.58489
2.94	-0.979748	8.64359
2.95	-0.981702	8.70249
2.96	-0.983557	8.76159
2.97	-0.985314	8.82089
2.98	-0.986972	8.88039
2.99	-0.988531	8.94009
3	-0.989992	8.99999
3.01	-0.991354	9.06009
3.02	-0.992616	9.12039
3.03	-0.99378	9.18089
3.04	-0.994844	9.24159
3.05	-0.995808	9.30249
3.06	-0.996673	9.36359
3.07	-0.997438	9.42488
3.08	-0.998104	9.48638
3.09	-0.998669	9.54808
3.1	-0.999135	9.60998
3.11	-0.999501	9.67208
3.12	-0.999767	9.73438
3.13	-0.999933	9.79688
3.14	-0.999999	9.85958
3.15	-0.999965	9.92248
3.16	-0.999831	9.98558
3.17	-0.999597	10.0489
3.18	-0.999263	10.1124
3.19	-0.998829	10.1761
3.2	-0.998295	10.24
3.21	-0.997661	10.3041
3.22	-0.996928	10.3684
3.23	-0.996095	10.4329
3.24	-0.995162	10.4976
3.25	-0.99413	10.5625
3.26	-0.992998	10.6276
3.27	-0.991767	10.6929
3.28	-0.990437	10.7584
3.29	-0.989008	10.8241
3.3	-0.98748	10.89
3.31	-0.985853	10.9561
3.32	-0.984128	11.0224
3.33	-0.982304	11.0889
3.34	-0.980382	11.1556
3.35	-0.978362	11.2225
3.36	-0.976244	11.2896
3.37	-0.974029	11.3569
3.38	-0.971716	11.4244
3.39	-0.969306	11.4921
3.4	-0.966799	11.56
3.41	-0.964195	11.6281
3.42	-0.961495	11.6964
3.43	-0.958699	11.7649
3.44	-0.955807	11.8336
3.45	-0.952819	11.9025
3.46	-0.949736	11.9716
3.47	-0.946558	12.0409
3.48	-0.943286	12.1104
3.49	-0.939919	12.1801
3.5	-0.936458	12.25
3.51	-0.932903	12.3201
3.52	-0.929255	12.3904
3.53	-0.925514	12.4609
3.54	-0.921681	12.5316
3.55	-0.917756	12.6025
3.56	-0.913738	12.6736
3.57	-0.90963	12.7449
3.58	-0.90543	12.8164
3.59	-0.90114	12.8881
3.6	-0.89676	12.96
3.61	-0.89229	13.0321
3.62	-0.887731	13.1044
3.63	-0.883083	13.1769
3.64	-0.878346	13.2496
3.65	-0.873522	13.3225
3.66	-0.868611	13.3956
3.67	-0.863613	13.4689
3.68	-0.858528	13.5424
3.69	-0.853357	13.6161
3.7	-0.848102	13.69
3.71	-0.842761	13.7641
3.72	-0.837336	13.8384
3.73	-0.831827	13.9129
3.74	-0.826236	13.9876
3.75	-0.820561	14.0625
3.76	-0.814805	14.1376
3.77	-0.808967	14.2129
3.78	-0.803048	14.2884
3.79	-0.797049	14.3641
3.8	-0.79097	14.44
3.81	-0.784812	14.5161
3.82	-0.778575	14.5924
3.83	-0.772261	14.6689
3.84	-0.765869	14.7456
3.85	-0.759401	14.8225
3.86	-0.752857	14.8996
3.87	-0.746238	14.9769
3.88	-0.739544	15.0544
3.89	-0.732776	15.1321
3.9	-0.725935	15.21
3.91	-0.719021	15.2881
3.92	-0.712035	15.3664
3.93	-0.704978	15.4449
3.94	-0.697851	15.5236
3.95	-0.690654	15.6025
3.96	-0.683387	15.6816
3.97	-0.676053	15.7609
3.98	-0.66865	15.8404
3.99	-0.661181	15.9201
4	-0.653646	16
4.01	-0.646045	16.0801
4.02	-0.63838	16.1604
4.03	-0.630651	16.2409
4.04	-0.622859	16.3216
4.05	-0.615004	16.4025
4.06	-0.607088	16.4836
4.07	-0.599111	16.5649
4.08	-0.591075	16.6464
4.09	-0.582979	16.7281
4.1	-0.574825	16.81
4.11	-0.566613	16.8921
4.12	-0.558345	16.9744
4.13	-0.550021	17.0569
4.14	-0.541642	17.1396
4.15	-0.533209	17.2225
4.16	-0.524722	17.3056
4.17	-0.516183	17.3889
4.18	-0.507592	17.4724
4.19	-0.498951	17.5561
4.2	-0.49026	17.64
4.21	-0.481519	17.7241
4.22	-0.472731	17.8084
4.23	-0.463895	17.8929
4.24	-0.455013	17.9776
4.25	-0.446085	18.0625
4.26	-0.437113	18.1476
4.27	-0.428097	18.2329
4.28	-0.419038	18.3184
4.29	-0.409938	18.4041
4.3	-0.400796	18.49
4.31	-0.391614	18.5761
4.32	-0.382393	18.6624
4.33	-0.373134	18.7489
4.34	-0.363838	18.8356
4.35	-0.354505	18.9225
4.36	-0.345136	19.0096
4.37001	-0.335734	19.0969
4.38001	-0.326297	19.1844
4.39001	-0.316828	19.2721
4.40001	-0.307327	19.3601
4.41001	-0.297796	19.4482
4.42001	-0.288235	19.5365
4.43001	-0.278645	19.625
4.44001	-0.269027	19.7137
4.45001	-0.259382	19.8026
4.46001	-0.249711	19.8917
4.47001	-0.240015	19.981
4.48001	-0.230295	20.0705
4.49001	-0.220553	20.1602
4.50001	-0.210788	20.2501
4.51001	-0.201002	20.3402
4.52001	-0.191196	20.4305
4.53001	-0.181371	20.521
4.54001	-0.171528	20.6117
4.55001	-0.161667	20.7026
4.56001	-0.15179	20.7937
4.57001	-0.141899	20.885
4.58001	-0.131993	20.9765
4.59001	-0.122074	21.0682
4.60001	-0.112142	21.1601
4.61001	-0.1022	21.2522
4.62001	-0.0922468	21.3445
4.63001	-0.0822848	21.437
4.64001	-0.0723145	21.5297
4.65001	-0.062337	21.6226
4.66001	-0.0523533	21.7157
4.67001	-0.0423643	21.809
4.68001	-0.0323711	21.9025
4.69001	-0.0223747	21.9962
4.70001	-0.012376	22.0901
4.71001	-0.00237607	22.1842
4.72001	0.00762409	22.2785
4.73001	0.0176235	22.373
4.74001	0.0276211	22.4677
4.75001	0.037616	22.5626
4.76001	0.0476071	22.6577
4.77001	0.0575934	22.753
4.78001	0.067574	22.8485
4.79001	0.0775478	22.9442
4.80001	0.0875139	23.0401
4.81002	0.0974712	23.1362
4.82002	0.107419	23.2325
4.83002	0.117356	23.3291
4.84002	0.127281	23.4258
4.85002	0.137193	23.5227
4.86002	0.147092	23.6198
4.87002	0.156976	23.7171
4.88002	0.166844	23.8146
4.89002	0.176695	23.9123
4.90002	0.186529	24.0102
4.91002	0.196345	24.1083
4.92002	0.20614	24.2066
4.93002	0.215915	24.3051
4.94002	0.225669	24.4038
4.95002	0.235399	24.5027
4.96002	0.245107	24.6018
4.97002	0.254789	24.7011
4.98002	0.264447	24.8006
4.99002	0.274078	24.9003
5.00002	0.283681	25.0002
5.01002	0.293256	25.1003
5.02002	0.302802	25.2006
5.03002	0.312317	25.3011
5.04002	0.321801	25.4018
5.05002	0.331253	25.5027
5.06002	0.340672	25.6038
5.07002	0.350057	25.7051
5.08002	0.359407	25.8066
5.09002	0.368721	25.9083
5.10002	0.377998	26.0102
5.11002	0.387237	26.1123
5.12002	0.396438	26.2146
5.13002	0.405599	26.3171
5.14002	0.414719	26.4198
5.15002	0.423798	26.5227
5.16002	0.432834	26.6258
5.17002	0.441827	26.7291
5.18002	0.450776	26.8326
5.19002	0.45968	26.9363
5.20002	0.468538	27.0403
5.21002	0.477349	27.1444
5.22002	0.486112	27.2487
5.23002	0.494827	27.3532
5.24003	0.503492	27.4579
5.25003	0.512107	27.5628
5.26003	0.520671	27.6679
5.27003	0.529182	27.7732
5.28003	0.537641	27.8787
5.29003	0.546046	27.9844
5.30003	0.554396	28.0903
5.31003	0.562691	28.1964
5.32003	0.57093	28.3027
5.33003	0.579111	28.4092
5.34003	0.587235	28.5159
5.35003	0.5953	28.6228
5.36003	0.603305	28.7299
5.37003	0.61125	28.8372
5.38003	0.619134	28.9447
5.39003	0.626956	29.0524
5.40003	0.634715	29.1603
5.41003	0.642411	29.2684
5.42003	0.650042	29.3767
5.43003	0.657609	29.4852
5.44003	0.66511	29.5939
5.45003	0.672544	29.7028
5.46003	0.679911	29.8119
5.47003	0.68721	29.9212
5.48003	0.69444	30.0307
5.49003	0.701601	30.1404
5.50003	0.708692	30.2503
5.51003	0.715711	30.3604
5.52003	0.72266	30.4707
5.53003	0.729536	30.5813
5.54003	0.736339	30.692
5.55003	0.743068	30.8029
5.56003	0.749723	30.914
5.57003	0.756303	31.0253
5.58003	0.762807	31.1368
5.59003	0.769236	31.2485
5.60003	0.775587	31.3604
5.61003	0.781861	31.4725
5.62003	0.788056	31.5848
5.63003	0.794173	31.6973
5.64003	0.80021	31.81
5.65003	0.806167	31.9229
5.66003	0.812044	32.036
5.67003	0.817839	32.1493
5.68004	0.823553	32.2628
5.69004	0.829184	32.3765
5.70004	0.834732	32.4904
5.71004	0.840197	32.6045
5.72004	0.845578	32.7188
5.73004	0.850874	32.8333
5.74004	0.856086	32.948
5.75004	0.861211	33.0629
5.76004	0.866251	33.178
5.77004	0.871203	33.2933
5.78004	0.876069	33.4088
5.79004	0.880847	33.5245
5.80004	0.885537	33.6404
5.81004	0.890139	33.7565
5.82004	0.894651	33.8728
5.83004	0.899074	33.9893
5.84004	0.903407	34.1061
5.85004	0.90765	34.223
5.86004	0.911802	34.3401
5.87004	0.915862	34.4574
5.88004	0.919831	34.5749
5.89004	0.923709	34.6926
5.90004	0.927493	34.8105
5.91004	0.931185	34.9286
5.92004	0.934784	35.0469
5.93004	0.93829	35.1654
5.94004	0.941701	35.2841
5.95004	0.945019	35.403
5.96004	0.948242	35.5221
5.97004	0.95137	35.6414
5.98004	0.954403	35.7609
5.99004	0.95734	35.8806
6.00004	0.960182	36.0005
6.01004	0.962928	36.1206
6.02004	0.965577	36.2409
6.03004	0.96813	36.3614
6.04004	0.970586	36.4821
6.05004	0.972945	36.603
6.06004	0.975207	36.7241
6.07004	0.977371	36.8454
6.08004	0.979438	36.9669
6.09004	0.981406	37.0886
6.10004	0.983277	37.2105
6.11004	0.985049	37.3326
6.12005	0.986722	37.455
6.13005	0.988297	37.5775
6.14005	0.989773	37.7002
6.15005	0.99115	37.8231
6.16005	0.992428	37.9462
6.17005	0.993607	38.0695
6.18005	0.994686	38.193
6.19005	0.995666	38.3167
6.20005	0.996546	38.4406
6.21005	0.997327	38.5647
6.22005	0.998007	38.689
6.23005	0.998589	38.8135
6.24005	0.99907	38.9382
6.25005	0.999451	39.0631
6.26005	0.999732	39.1882
6.27005	0.999914	39.3135
6.28005	0.999995	39.439
